#******************************** 
BC4 Coxeter Group Small Library 
P1 set: {(243), (123), (134), (142)} 
Calculated Fermionic Holoraumy matrices and R matrices 
 
#******************************** 
Adinkra # 0 
Boolean Factor: {(0),(6),(12),(10)} 
Fermionic Holoraumy Matrices 
	V_{12}		   V_{13}		   V_{14} 
[ 0  1  0  0] 	[ 0  0  1  0] 	[ 0  0  0  1] 
[-1  0  0  0] 	[ 0  0  0 -1] 	[ 0  0  1  0] 
[ 0  0  0  1] 	[-1  0  0  0] 	[ 0 -1  0  0] 
[ 0  0 -1  0] 	[ 0  1  0  0] 	[-1  0  0  0] 
	V_{23}		   V_{24}		   V_{34} 
[ 0  0  0  1] 	[ 0  0 -1  0] 	[ 0  1  0  0] 
[ 0  0  1  0] 	[ 0  0  0  1] 	[-1  0  0  0] 
[ 0 -1  0  0] 	[ 1  0  0  0] 	[ 0  0  0  1] 
[-1  0  0  0] 	[ 0 -1  0  0] 	[ 0  0 -1  0] 
 
L matrices 
   L1             L2 
[1 0 0 0]	[ 0  1  0  0] 
[0 0 0 1]	[ 0  0 -1  0] 
[0 1 0 0]	[-1  0  0  0] 
[0 0 1 0]	[ 0  0  0  1] 
  L3              L4 
[ 0  0  1  0]	[ 0  0  0  1] 
[ 0  1  0  0]	[-1  0  0  0] 
[ 0  0  0 -1]	[ 0  0  1  0] 
[-1  0  0  0]	[ 0 -1  0  0] 
 
R matrices 
   R1             R2 
[1 0 0 0]	[ 0  0 -1  0] 
[0 0 1 0]	[ 1  0  0  0] 
[0 0 0 1]	[ 0 -1  0  0] 
[0 1 0 0]	[ 0  0  0  1] 
  R3              R4 
[ 0  0  0 -1]	[ 0 -1  0  0] 
[ 0  1  0  0]	[ 0  0  0 -1] 
[ 1  0  0  0]	[ 0  0  1  0] 
[ 0  0 -1  0]	[ 1  0  0  0] 
 
#******************************** 
Adinkra # 1 
Boolean Factor: {(0),(12),(10),(6)} 
Fermionic Holoraumy Matrices 
	V_{12}		   V_{13}		   V_{14} 
[ 0  1  0  0] 	[ 0  0  1  0] 	[ 0  0  0  1] 
[-1  0  0  0] 	[ 0  0  0  1] 	[ 0  0 -1  0] 
[ 0  0  0 -1] 	[-1  0  0  0] 	[ 0  1  0  0] 
[ 0  0  1  0] 	[ 0 -1  0  0] 	[-1  0  0  0] 
	V_{23}		   V_{24}		   V_{34} 
[ 0  0  0 -1] 	[ 0  0  1  0] 	[ 0 -1  0  0] 
[ 0  0  1  0] 	[ 0  0  0  1] 	[ 1  0  0  0] 
[ 0 -1  0  0] 	[-1  0  0  0] 	[ 0  0  0  1] 
[ 1  0  0  0] 	[ 0 -1  0  0] 	[ 0  0 -1  0] 
 
L matrices 
   L1             L2 
[1 0 0 0]	[ 0  1  0  0] 
[0 0 0 1]	[ 0  0  1  0] 
[0 1 0 0]	[-1  0  0  0] 
[0 0 1 0]	[ 0  0  0 -1] 
  L3              L4 
[ 0  0  1  0]	[ 0  0  0  1] 
[ 0 -1  0  0]	[-1  0  0  0] 
[ 0  0  0  1]	[ 0  0 -1  0] 
[-1  0  0  0]	[ 0  1  0  0] 
 
R matrices 
   R1             R2 
[1 0 0 0]	[ 0  0 -1  0] 
[0 0 1 0]	[ 1  0  0  0] 
[0 0 0 1]	[ 0  1  0  0] 
[0 1 0 0]	[ 0  0  0 -1] 
  R3              R4 
[ 0  0  0 -1]	[ 0 -1  0  0] 
[ 0 -1  0  0]	[ 0  0  0  1] 
[ 1  0  0  0]	[ 0  0 -1  0] 
[ 0  0  1  0]	[ 1  0  0  0] 
 
#******************************** 
Adinkra # 2 
Boolean Factor: {(2),(4),(14),(8)} 
Fermionic Holoraumy Matrices 
	V_{12}		   V_{13}		   V_{14} 
[ 0  1  0  0] 	[ 0  0  1  0] 	[ 0  0  0  1] 
[-1  0  0  0] 	[ 0  0  0 -1] 	[ 0  0  1  0] 
[ 0  0  0  1] 	[-1  0  0  0] 	[ 0 -1  0  0] 
[ 0  0 -1  0] 	[ 0  1  0  0] 	[-1  0  0  0] 
	V_{23}		   V_{24}		   V_{34} 
[ 0  0  0  1] 	[ 0  0 -1  0] 	[ 0  1  0  0] 
[ 0  0  1  0] 	[ 0  0  0  1] 	[-1  0  0  0] 
[ 0 -1  0  0] 	[ 1  0  0  0] 	[ 0  0  0  1] 
[-1  0  0  0] 	[ 0 -1  0  0] 	[ 0  0 -1  0] 
 
L matrices 
      L1             L2 
[ 1  0  0  0]	[ 0  1  0  0] 
[ 0  0  0 -1]	[ 0  0  1  0] 
[ 0  1  0  0]	[-1  0  0  0] 
[ 0  0  1  0]	[ 0  0  0  1] 
  L3              L4 
[ 0  0  1  0]	[ 0  0  0  1] 
[ 0 -1  0  0]	[ 1  0  0  0] 
[ 0  0  0 -1]	[ 0  0  1  0] 
[-1  0  0  0]	[ 0 -1  0  0] 
 
R matrices 
      R1             R2 
[ 1  0  0  0]	[ 0  0 -1  0] 
[ 0  0  1  0]	[ 1  0  0  0] 
[ 0  0  0  1]	[ 0  1  0  0] 
[ 0 -1  0  0]	[ 0  0  0  1] 
  R3              R4 
[ 0  0  0 -1]	[ 0  1  0  0] 
[ 0 -1  0  0]	[ 0  0  0 -1] 
[ 1  0  0  0]	[ 0  0  1  0] 
[ 0  0 -1  0]	[ 1  0  0  0] 
 
#******************************** 
Adinkra # 3 
Boolean Factor: {(2),(14),(8),(4)} 
Fermionic Holoraumy Matrices 
	V_{12}		   V_{13}		   V_{14} 
[ 0  1  0  0] 	[ 0  0  1  0] 	[ 0  0  0  1] 
[-1  0  0  0] 	[ 0  0  0  1] 	[ 0  0 -1  0] 
[ 0  0  0 -1] 	[-1  0  0  0] 	[ 0  1  0  0] 
[ 0  0  1  0] 	[ 0 -1  0  0] 	[-1  0  0  0] 
	V_{23}		   V_{24}		   V_{34} 
[ 0  0  0 -1] 	[ 0  0  1  0] 	[ 0 -1  0  0] 
[ 0  0  1  0] 	[ 0  0  0  1] 	[ 1  0  0  0] 
[ 0 -1  0  0] 	[-1  0  0  0] 	[ 0  0  0  1] 
[ 1  0  0  0] 	[ 0 -1  0  0] 	[ 0  0 -1  0] 
 
L matrices 
      L1             L2 
[ 1  0  0  0]	[ 0  1  0  0] 
[ 0  0  0 -1]	[ 0  0 -1  0] 
[ 0  1  0  0]	[-1  0  0  0] 
[ 0  0  1  0]	[ 0  0  0 -1] 
  L3              L4 
[ 0  0  1  0]	[ 0  0  0  1] 
[ 0  1  0  0]	[ 1  0  0  0] 
[ 0  0  0  1]	[ 0  0 -1  0] 
[-1  0  0  0]	[ 0  1  0  0] 
 
R matrices 
      R1             R2 
[ 1  0  0  0]	[ 0  0 -1  0] 
[ 0  0  1  0]	[ 1  0  0  0] 
[ 0  0  0  1]	[ 0 -1  0  0] 
[ 0 -1  0  0]	[ 0  0  0 -1] 
  R3              R4 
[ 0  0  0 -1]	[ 0  1  0  0] 
[ 0  1  0  0]	[ 0  0  0  1] 
[ 1  0  0  0]	[ 0  0 -1  0] 
[ 0  0  1  0]	[ 1  0  0  0] 
 
#******************************** 
Adinkra # 4 
Boolean Factor: {(4),(2),(8),(14)} 
Fermionic Holoraumy Matrices 
	V_{12}		   V_{13}		   V_{14} 
[ 0  1  0  0] 	[ 0  0  1  0] 	[ 0  0  0  1] 
[-1  0  0  0] 	[ 0  0  0 -1] 	[ 0  0  1  0] 
[ 0  0  0  1] 	[-1  0  0  0] 	[ 0 -1  0  0] 
[ 0  0 -1  0] 	[ 0  1  0  0] 	[-1  0  0  0] 
	V_{23}		   V_{24}		   V_{34} 
[ 0  0  0  1] 	[ 0  0 -1  0] 	[ 0  1  0  0] 
[ 0  0  1  0] 	[ 0  0  0  1] 	[-1  0  0  0] 
[ 0 -1  0  0] 	[ 1  0  0  0] 	[ 0  0  0  1] 
[-1  0  0  0] 	[ 0 -1  0  0] 	[ 0  0 -1  0] 
 
L matrices 
      L1             L2 
[ 1  0  0  0]	[ 0  1  0  0] 
[ 0  0  0  1]	[ 0  0 -1  0] 
[ 0 -1  0  0]	[ 1  0  0  0] 
[ 0  0  1  0]	[ 0  0  0  1] 
  L3              L4 
[ 0  0  1  0]	[ 0  0  0  1] 
[ 0  1  0  0]	[-1  0  0  0] 
[ 0  0  0  1]	[ 0  0 -1  0] 
[-1  0  0  0]	[ 0 -1  0  0] 
 
R matrices 
      R1             R2 
[ 1  0  0  0]	[ 0  0  1  0] 
[ 0  0 -1  0]	[ 1  0  0  0] 
[ 0  0  0  1]	[ 0 -1  0  0] 
[ 0  1  0  0]	[ 0  0  0  1] 
  R3              R4 
[ 0  0  0 -1]	[ 0 -1  0  0] 
[ 0  1  0  0]	[ 0  0  0 -1] 
[ 1  0  0  0]	[ 0  0 -1  0] 
[ 0  0  1  0]	[ 1  0  0  0] 
 
#******************************** 
Adinkra # 5 
Boolean Factor: {(4),(8),(14),(2)} 
Fermionic Holoraumy Matrices 
	V_{12}		   V_{13}		   V_{14} 
[ 0  1  0  0] 	[ 0  0  1  0] 	[ 0  0  0  1] 
[-1  0  0  0] 	[ 0  0  0  1] 	[ 0  0 -1  0] 
[ 0  0  0 -1] 	[-1  0  0  0] 	[ 0  1  0  0] 
[ 0  0  1  0] 	[ 0 -1  0  0] 	[-1  0  0  0] 
	V_{23}		   V_{24}		   V_{34} 
[ 0  0  0 -1] 	[ 0  0  1  0] 	[ 0 -1  0  0] 
[ 0  0  1  0] 	[ 0  0  0  1] 	[ 1  0  0  0] 
[ 0 -1  0  0] 	[-1  0  0  0] 	[ 0  0  0  1] 
[ 1  0  0  0] 	[ 0 -1  0  0] 	[ 0  0 -1  0] 
 
L matrices 
      L1             L2 
[ 1  0  0  0]	[ 0  1  0  0] 
[ 0  0  0  1]	[ 0  0  1  0] 
[ 0 -1  0  0]	[ 1  0  0  0] 
[ 0  0  1  0]	[ 0  0  0 -1] 
  L3              L4 
[ 0  0  1  0]	[ 0  0  0  1] 
[ 0 -1  0  0]	[-1  0  0  0] 
[ 0  0  0 -1]	[ 0  0  1  0] 
[-1  0  0  0]	[ 0  1  0  0] 
 
R matrices 
      R1             R2 
[ 1  0  0  0]	[ 0  0  1  0] 
[ 0  0 -1  0]	[ 1  0  0  0] 
[ 0  0  0  1]	[ 0  1  0  0] 
[ 0  1  0  0]	[ 0  0  0 -1] 
  R3              R4 
[ 0  0  0 -1]	[ 0 -1  0  0] 
[ 0 -1  0  0]	[ 0  0  0  1] 
[ 1  0  0  0]	[ 0  0  1  0] 
[ 0  0 -1  0]	[ 1  0  0  0] 
 
#******************************** 
Adinkra # 6 
Boolean Factor: {(6),(0),(10),(12)} 
Fermionic Holoraumy Matrices 
	V_{12}		   V_{13}		   V_{14} 
[ 0  1  0  0] 	[ 0  0  1  0] 	[ 0  0  0  1] 
[-1  0  0  0] 	[ 0  0  0 -1] 	[ 0  0  1  0] 
[ 0  0  0  1] 	[-1  0  0  0] 	[ 0 -1  0  0] 
[ 0  0 -1  0] 	[ 0  1  0  0] 	[-1  0  0  0] 
	V_{23}		   V_{24}		   V_{34} 
[ 0  0  0  1] 	[ 0  0 -1  0] 	[ 0  1  0  0] 
[ 0  0  1  0] 	[ 0  0  0  1] 	[-1  0  0  0] 
[ 0 -1  0  0] 	[ 1  0  0  0] 	[ 0  0  0  1] 
[-1  0  0  0] 	[ 0 -1  0  0] 	[ 0  0 -1  0] 
 
L matrices 
      L1          L2 
[ 1  0  0  0]	[0 1 0 0] 
[ 0  0  0 -1]	[0 0 1 0] 
[ 0 -1  0  0]	[1 0 0 0] 
[ 0  0  1  0]	[0 0 0 1] 
  L3              L4 
[ 0  0  1  0]	[ 0  0  0  1] 
[ 0 -1  0  0]	[ 1  0  0  0] 
[ 0  0  0  1]	[ 0  0 -1  0] 
[-1  0  0  0]	[ 0 -1  0  0] 
 
R matrices 
      R1          R2 
[ 1  0  0  0]	[0 0 1 0] 
[ 0  0 -1  0]	[1 0 0 0] 
[ 0  0  0  1]	[0 1 0 0] 
[ 0 -1  0  0]	[0 0 0 1] 
  R3              R4 
[ 0  0  0 -1]	[ 0  1  0  0] 
[ 0 -1  0  0]	[ 0  0  0 -1] 
[ 1  0  0  0]	[ 0  0 -1  0] 
[ 0  0  1  0]	[ 1  0  0  0] 
 
#******************************** 
Adinkra # 7 
Boolean Factor: {(6),(10),(12),(0)} 
Fermionic Holoraumy Matrices 
	V_{12}		   V_{13}		   V_{14} 
[ 0  1  0  0] 	[ 0  0  1  0] 	[ 0  0  0  1] 
[-1  0  0  0] 	[ 0  0  0  1] 	[ 0  0 -1  0] 
[ 0  0  0 -1] 	[-1  0  0  0] 	[ 0  1  0  0] 
[ 0  0  1  0] 	[ 0 -1  0  0] 	[-1  0  0  0] 
	V_{23}		   V_{24}		   V_{34} 
[ 0  0  0 -1] 	[ 0  0  1  0] 	[ 0 -1  0  0] 
[ 0  0  1  0] 	[ 0  0  0  1] 	[ 1  0  0  0] 
[ 0 -1  0  0] 	[-1  0  0  0] 	[ 0  0  0  1] 
[ 1  0  0  0] 	[ 0 -1  0  0] 	[ 0  0 -1  0] 
 
L matrices 
      L1             L2 
[ 1  0  0  0]	[ 0  1  0  0] 
[ 0  0  0 -1]	[ 0  0 -1  0] 
[ 0 -1  0  0]	[ 1  0  0  0] 
[ 0  0  1  0]	[ 0  0  0 -1] 
  L3          L4 
[ 0  0  1  0]	[0 0 0 1] 
[ 0  1  0  0]	[1 0 0 0] 
[ 0  0  0 -1]	[0 0 1 0] 
[-1  0  0  0]	[0 1 0 0] 
 
R matrices 
      R1             R2 
[ 1  0  0  0]	[ 0  0  1  0] 
[ 0  0 -1  0]	[ 1  0  0  0] 
[ 0  0  0  1]	[ 0 -1  0  0] 
[ 0 -1  0  0]	[ 0  0  0 -1] 
  R3          R4 
[ 0  0  0 -1]	[0 1 0 0] 
[ 0  1  0  0]	[0 0 0 1] 
[ 1  0  0  0]	[0 0 1 0] 
[ 0  0 -1  0]	[1 0 0 0] 
 
#******************************** 
Adinkra # 8 
Boolean Factor: {(8),(4),(2),(14)} 
Fermionic Holoraumy Matrices 
	V_{12}		   V_{13}		   V_{14} 
[ 0  1  0  0] 	[ 0  0  1  0] 	[ 0  0  0  1] 
[-1  0  0  0] 	[ 0  0  0  1] 	[ 0  0 -1  0] 
[ 0  0  0 -1] 	[-1  0  0  0] 	[ 0  1  0  0] 
[ 0  0  1  0] 	[ 0 -1  0  0] 	[-1  0  0  0] 
	V_{23}		   V_{24}		   V_{34} 
[ 0  0  0 -1] 	[ 0  0  1  0] 	[ 0 -1  0  0] 
[ 0  0  1  0] 	[ 0  0  0  1] 	[ 1  0  0  0] 
[ 0 -1  0  0] 	[-1  0  0  0] 	[ 0  0  0  1] 
[ 1  0  0  0] 	[ 0 -1  0  0] 	[ 0  0 -1  0] 
 
L matrices 
      L1             L2 
[ 1  0  0  0]	[ 0  1  0  0] 
[ 0  0  0  1]	[ 0  0  1  0] 
[ 0  1  0  0]	[-1  0  0  0] 
[ 0  0 -1  0]	[ 0  0  0  1] 
  L3              L4 
[ 0  0  1  0]	[ 0  0  0  1] 
[ 0 -1  0  0]	[-1  0  0  0] 
[ 0  0  0  1]	[ 0  0 -1  0] 
[ 1  0  0  0]	[ 0 -1  0  0] 
 
R matrices 
      R1             R2 
[ 1  0  0  0]	[ 0  0 -1  0] 
[ 0  0  1  0]	[ 1  0  0  0] 
[ 0  0  0 -1]	[ 0  1  0  0] 
[ 0  1  0  0]	[ 0  0  0  1] 
  R3              R4 
[ 0  0  0  1]	[ 0 -1  0  0] 
[ 0 -1  0  0]	[ 0  0  0 -1] 
[ 1  0  0  0]	[ 0  0 -1  0] 
[ 0  0  1  0]	[ 1  0  0  0] 
 
#******************************** 
Adinkra # 9 
Boolean Factor: {(8),(14),(4),(2)} 
Fermionic Holoraumy Matrices 
	V_{12}		   V_{13}		   V_{14} 
[ 0  1  0  0] 	[ 0  0  1  0] 	[ 0  0  0  1] 
[-1  0  0  0] 	[ 0  0  0 -1] 	[ 0  0  1  0] 
[ 0  0  0  1] 	[-1  0  0  0] 	[ 0 -1  0  0] 
[ 0  0 -1  0] 	[ 0  1  0  0] 	[-1  0  0  0] 
	V_{23}		   V_{24}		   V_{34} 
[ 0  0  0  1] 	[ 0  0 -1  0] 	[ 0  1  0  0] 
[ 0  0  1  0] 	[ 0  0  0  1] 	[-1  0  0  0] 
[ 0 -1  0  0] 	[ 1  0  0  0] 	[ 0  0  0  1] 
[-1  0  0  0] 	[ 0 -1  0  0] 	[ 0  0 -1  0] 
 
L matrices 
      L1             L2 
[ 1  0  0  0]	[ 0  1  0  0] 
[ 0  0  0  1]	[ 0  0 -1  0] 
[ 0  1  0  0]	[-1  0  0  0] 
[ 0  0 -1  0]	[ 0  0  0 -1] 
  L3              L4 
[ 0  0  1  0]	[ 0  0  0  1] 
[ 0  1  0  0]	[-1  0  0  0] 
[ 0  0  0 -1]	[ 0  0  1  0] 
[ 1  0  0  0]	[ 0  1  0  0] 
 
R matrices 
      R1             R2 
[ 1  0  0  0]	[ 0  0 -1  0] 
[ 0  0  1  0]	[ 1  0  0  0] 
[ 0  0  0 -1]	[ 0 -1  0  0] 
[ 0  1  0  0]	[ 0  0  0 -1] 
  R3              R4 
[ 0  0  0  1]	[ 0 -1  0  0] 
[ 0  1  0  0]	[ 0  0  0  1] 
[ 1  0  0  0]	[ 0  0  1  0] 
[ 0  0 -1  0]	[ 1  0  0  0] 
 
#******************************** 
Adinkra # 10 
Boolean Factor: {(10),(6),(0),(12)} 
Fermionic Holoraumy Matrices 
	V_{12}		   V_{13}		   V_{14} 
[ 0  1  0  0] 	[ 0  0  1  0] 	[ 0  0  0  1] 
[-1  0  0  0] 	[ 0  0  0  1] 	[ 0  0 -1  0] 
[ 0  0  0 -1] 	[-1  0  0  0] 	[ 0  1  0  0] 
[ 0  0  1  0] 	[ 0 -1  0  0] 	[-1  0  0  0] 
	V_{23}		   V_{24}		   V_{34} 
[ 0  0  0 -1] 	[ 0  0  1  0] 	[ 0 -1  0  0] 
[ 0  0  1  0] 	[ 0  0  0  1] 	[ 1  0  0  0] 
[ 0 -1  0  0] 	[-1  0  0  0] 	[ 0  0  0  1] 
[ 1  0  0  0] 	[ 0 -1  0  0] 	[ 0  0 -1  0] 
 
L matrices 
      L1             L2 
[ 1  0  0  0]	[ 0  1  0  0] 
[ 0  0  0 -1]	[ 0  0 -1  0] 
[ 0  1  0  0]	[-1  0  0  0] 
[ 0  0 -1  0]	[ 0  0  0  1] 
  L3              L4 
[0 0 1 0]	[ 0  0  0  1] 
[0 1 0 0]	[ 1  0  0  0] 
[0 0 0 1]	[ 0  0 -1  0] 
[1 0 0 0]	[ 0 -1  0  0] 
 
R matrices 
      R1             R2 
[ 1  0  0  0]	[ 0  0 -1  0] 
[ 0  0  1  0]	[ 1  0  0  0] 
[ 0  0  0 -1]	[ 0 -1  0  0] 
[ 0 -1  0  0]	[ 0  0  0  1] 
  R3              R4 
[0 0 0 1]	[ 0  1  0  0] 
[0 1 0 0]	[ 0  0  0 -1] 
[1 0 0 0]	[ 0  0 -1  0] 
[0 0 1 0]	[ 1  0  0  0] 
 
#******************************** 
Adinkra # 11 
Boolean Factor: {(10),(12),(6),(0)} 
Fermionic Holoraumy Matrices 
	V_{12}		   V_{13}		   V_{14} 
[ 0  1  0  0] 	[ 0  0  1  0] 	[ 0  0  0  1] 
[-1  0  0  0] 	[ 0  0  0 -1] 	[ 0  0  1  0] 
[ 0  0  0  1] 	[-1  0  0  0] 	[ 0 -1  0  0] 
[ 0  0 -1  0] 	[ 0  1  0  0] 	[-1  0  0  0] 
	V_{23}		   V_{24}		   V_{34} 
[ 0  0  0  1] 	[ 0  0 -1  0] 	[ 0  1  0  0] 
[ 0  0  1  0] 	[ 0  0  0  1] 	[-1  0  0  0] 
[ 0 -1  0  0] 	[ 1  0  0  0] 	[ 0  0  0  1] 
[-1  0  0  0] 	[ 0 -1  0  0] 	[ 0  0 -1  0] 
 
L matrices 
      L1             L2 
[ 1  0  0  0]	[ 0  1  0  0] 
[ 0  0  0 -1]	[ 0  0  1  0] 
[ 0  1  0  0]	[-1  0  0  0] 
[ 0  0 -1  0]	[ 0  0  0 -1] 
  L3          L4 
[ 0  0  1  0]	[0 0 0 1] 
[ 0 -1  0  0]	[1 0 0 0] 
[ 0  0  0 -1]	[0 0 1 0] 
[ 1  0  0  0]	[0 1 0 0] 
 
R matrices 
      R1             R2 
[ 1  0  0  0]	[ 0  0 -1  0] 
[ 0  0  1  0]	[ 1  0  0  0] 
[ 0  0  0 -1]	[ 0  1  0  0] 
[ 0 -1  0  0]	[ 0  0  0 -1] 
  R3          R4 
[ 0  0  0  1]	[0 1 0 0] 
[ 0 -1  0  0]	[0 0 0 1] 
[ 1  0  0  0]	[0 0 1 0] 
[ 0  0 -1  0]	[1 0 0 0] 
 
#******************************** 
Adinkra # 12 
Boolean Factor: {(12),(0),(6),(10)} 
Fermionic Holoraumy Matrices 
	V_{12}		   V_{13}		   V_{14} 
[ 0  1  0  0] 	[ 0  0  1  0] 	[ 0  0  0  1] 
[-1  0  0  0] 	[ 0  0  0  1] 	[ 0  0 -1  0] 
[ 0  0  0 -1] 	[-1  0  0  0] 	[ 0  1  0  0] 
[ 0  0  1  0] 	[ 0 -1  0  0] 	[-1  0  0  0] 
	V_{23}		   V_{24}		   V_{34} 
[ 0  0  0 -1] 	[ 0  0  1  0] 	[ 0 -1  0  0] 
[ 0  0  1  0] 	[ 0  0  0  1] 	[ 1  0  0  0] 
[ 0 -1  0  0] 	[-1  0  0  0] 	[ 0  0  0  1] 
[ 1  0  0  0] 	[ 0 -1  0  0] 	[ 0  0 -1  0] 
 
L matrices 
      L1          L2 
[ 1  0  0  0]	[0 1 0 0] 
[ 0  0  0  1]	[0 0 1 0] 
[ 0 -1  0  0]	[1 0 0 0] 
[ 0  0 -1  0]	[0 0 0 1] 
  L3              L4 
[ 0  0  1  0]	[ 0  0  0  1] 
[ 0 -1  0  0]	[-1  0  0  0] 
[ 0  0  0 -1]	[ 0  0  1  0] 
[ 1  0  0  0]	[ 0 -1  0  0] 
 
R matrices 
      R1          R2 
[ 1  0  0  0]	[0 0 1 0] 
[ 0  0 -1  0]	[1 0 0 0] 
[ 0  0  0 -1]	[0 1 0 0] 
[ 0  1  0  0]	[0 0 0 1] 
  R3              R4 
[ 0  0  0  1]	[ 0 -1  0  0] 
[ 0 -1  0  0]	[ 0  0  0 -1] 
[ 1  0  0  0]	[ 0  0  1  0] 
[ 0  0 -1  0]	[ 1  0  0  0] 
 
#******************************** 
Adinkra # 13 
Boolean Factor: {(12),(10),(0),(6)} 
Fermionic Holoraumy Matrices 
	V_{12}		   V_{13}		   V_{14} 
[ 0  1  0  0] 	[ 0  0  1  0] 	[ 0  0  0  1] 
[-1  0  0  0] 	[ 0  0  0 -1] 	[ 0  0  1  0] 
[ 0  0  0  1] 	[-1  0  0  0] 	[ 0 -1  0  0] 
[ 0  0 -1  0] 	[ 0  1  0  0] 	[-1  0  0  0] 
	V_{23}		   V_{24}		   V_{34} 
[ 0  0  0  1] 	[ 0  0 -1  0] 	[ 0  1  0  0] 
[ 0  0  1  0] 	[ 0  0  0  1] 	[-1  0  0  0] 
[ 0 -1  0  0] 	[ 1  0  0  0] 	[ 0  0  0  1] 
[-1  0  0  0] 	[ 0 -1  0  0] 	[ 0  0 -1  0] 
 
L matrices 
      L1             L2 
[ 1  0  0  0]	[ 0  1  0  0] 
[ 0  0  0  1]	[ 0  0 -1  0] 
[ 0 -1  0  0]	[ 1  0  0  0] 
[ 0  0 -1  0]	[ 0  0  0 -1] 
  L3              L4 
[0 0 1 0]	[ 0  0  0  1] 
[0 1 0 0]	[-1  0  0  0] 
[0 0 0 1]	[ 0  0 -1  0] 
[1 0 0 0]	[ 0  1  0  0] 
 
R matrices 
      R1             R2 
[ 1  0  0  0]	[ 0  0  1  0] 
[ 0  0 -1  0]	[ 1  0  0  0] 
[ 0  0  0 -1]	[ 0 -1  0  0] 
[ 0  1  0  0]	[ 0  0  0 -1] 
  R3              R4 
[0 0 0 1]	[ 0 -1  0  0] 
[0 1 0 0]	[ 0  0  0  1] 
[1 0 0 0]	[ 0  0 -1  0] 
[0 0 1 0]	[ 1  0  0  0] 
 
#******************************** 
Adinkra # 14 
Boolean Factor: {(14),(2),(4),(8)} 
Fermionic Holoraumy Matrices 
	V_{12}		   V_{13}		   V_{14} 
[ 0  1  0  0] 	[ 0  0  1  0] 	[ 0  0  0  1] 
[-1  0  0  0] 	[ 0  0  0  1] 	[ 0  0 -1  0] 
[ 0  0  0 -1] 	[-1  0  0  0] 	[ 0  1  0  0] 
[ 0  0  1  0] 	[ 0 -1  0  0] 	[-1  0  0  0] 
	V_{23}		   V_{24}		   V_{34} 
[ 0  0  0 -1] 	[ 0  0  1  0] 	[ 0 -1  0  0] 
[ 0  0  1  0] 	[ 0  0  0  1] 	[ 1  0  0  0] 
[ 0 -1  0  0] 	[-1  0  0  0] 	[ 0  0  0  1] 
[ 1  0  0  0] 	[ 0 -1  0  0] 	[ 0  0 -1  0] 
 
L matrices 
      L1             L2 
[ 1  0  0  0]	[ 0  1  0  0] 
[ 0  0  0 -1]	[ 0  0 -1  0] 
[ 0 -1  0  0]	[ 1  0  0  0] 
[ 0  0 -1  0]	[ 0  0  0  1] 
  L3              L4 
[ 0  0  1  0]	[ 0  0  0  1] 
[ 0  1  0  0]	[ 1  0  0  0] 
[ 0  0  0 -1]	[ 0  0  1  0] 
[ 1  0  0  0]	[ 0 -1  0  0] 
 
R matrices 
      R1             R2 
[ 1  0  0  0]	[ 0  0  1  0] 
[ 0  0 -1  0]	[ 1  0  0  0] 
[ 0  0  0 -1]	[ 0 -1  0  0] 
[ 0 -1  0  0]	[ 0  0  0  1] 
  R3              R4 
[ 0  0  0  1]	[ 0  1  0  0] 
[ 0  1  0  0]	[ 0  0  0 -1] 
[ 1  0  0  0]	[ 0  0  1  0] 
[ 0  0 -1  0]	[ 1  0  0  0] 
 
#******************************** 
Adinkra # 15 
Boolean Factor: {(14),(8),(2),(4)} 
Fermionic Holoraumy Matrices 
	V_{12}		   V_{13}		   V_{14} 
[ 0  1  0  0] 	[ 0  0  1  0] 	[ 0  0  0  1] 
[-1  0  0  0] 	[ 0  0  0 -1] 	[ 0  0  1  0] 
[ 0  0  0  1] 	[-1  0  0  0] 	[ 0 -1  0  0] 
[ 0  0 -1  0] 	[ 0  1  0  0] 	[-1  0  0  0] 
	V_{23}		   V_{24}		   V_{34} 
[ 0  0  0  1] 	[ 0  0 -1  0] 	[ 0  1  0  0] 
[ 0  0  1  0] 	[ 0  0  0  1] 	[-1  0  0  0] 
[ 0 -1  0  0] 	[ 1  0  0  0] 	[ 0  0  0  1] 
[-1  0  0  0] 	[ 0 -1  0  0] 	[ 0  0 -1  0] 
 
L matrices 
      L1             L2 
[ 1  0  0  0]	[ 0  1  0  0] 
[ 0  0  0 -1]	[ 0  0  1  0] 
[ 0 -1  0  0]	[ 1  0  0  0] 
[ 0  0 -1  0]	[ 0  0  0 -1] 
  L3              L4 
[ 0  0  1  0]	[ 0  0  0  1] 
[ 0 -1  0  0]	[ 1  0  0  0] 
[ 0  0  0  1]	[ 0  0 -1  0] 
[ 1  0  0  0]	[ 0  1  0  0] 
 
R matrices 
      R1             R2 
[ 1  0  0  0]	[ 0  0  1  0] 
[ 0  0 -1  0]	[ 1  0  0  0] 
[ 0  0  0 -1]	[ 0  1  0  0] 
[ 0 -1  0  0]	[ 0  0  0 -1] 
  R3              R4 
[ 0  0  0  1]	[ 0  1  0  0] 
[ 0 -1  0  0]	[ 0  0  0  1] 
[ 1  0  0  0]	[ 0  0 -1  0] 
[ 0  0  1  0]	[ 1  0  0  0] 
 
