#******************************** 
BC4 Coxeter Group Small Library 
P6 set: {(), (12)(34), (13)(24), (14)(23)} 
Calculated Fermionic Holoraumy matrices and R matrices 
 
#******************************** 
Adinkra # 0 
Boolean Factor: {(0),(6),(12),(10)} 
Fermionic Holoraumy Matrices 
	~V_{12}		   ~V_{13}		   ~V_{14} 
[ 0.  1.  0.  0.] 	[ 0.  0.  1.  0.] 	[ 0.  0.  0.  1.] 
[-1.  0.  0.  0.] 	[ 0.  0.  0.  1.] 	[ 0.  0. -1.  0.] 
[ 0.  0.  0. -1.] 	[-1.  0.  0.  0.] 	[ 0.  1.  0.  0.] 
[ 0.  0.  1.  0.] 	[ 0. -1.  0.  0.] 	[-1.  0.  0.  0.] 
	~V_{23}		   ~V_{24}		   ~V_{34} 
[ 0.  0.  0. -1.] 	[ 0.  0.  1.  0.] 	[ 0. -1.  0.  0.] 
[ 0.  0.  1.  0.] 	[ 0.  0.  0.  1.] 	[ 1.  0.  0.  0.] 
[ 0. -1.  0.  0.] 	[-1.  0.  0.  0.] 	[ 0.  0.  0.  1.] 
[ 1.  0.  0.  0.] 	[ 0. -1.  0.  0.] 	[ 0.  0. -1.  0.] 
 
   R1             R2 
[1 0 0 0]	[ 0 -1  0  0] 
[0 1 0 0]	[ 1  0  0  0] 
[0 0 1 0]	[ 0  0  0  1] 
[0 0 0 1]	[ 0  0 -1  0] 
  R3              R4 
[ 0  0 -1  0]	[ 0  0  0 -1] 
[ 0  0  0 -1]	[ 0  0  1  0] 
[ 1  0  0  0]	[ 0 -1  0  0] 
[ 0  1  0  0]	[ 1  0  0  0] 
 
#******************************** 
Adinkra # 1 
Boolean Factor: {(0),(10),(6),(12)} 
Fermionic Holoraumy Matrices 
	~V_{12}		   ~V_{13}		   ~V_{14} 
[ 0.  1.  0.  0.] 	[ 0.  0.  1.  0.] 	[ 0.  0.  0.  1.] 
[-1.  0.  0.  0.] 	[ 0.  0.  0. -1.] 	[ 0.  0.  1.  0.] 
[ 0.  0.  0.  1.] 	[-1.  0.  0.  0.] 	[ 0. -1.  0.  0.] 
[ 0.  0. -1.  0.] 	[ 0.  1.  0.  0.] 	[-1.  0.  0.  0.] 
	~V_{23}		   ~V_{24}		   ~V_{34} 
[ 0.  0.  0.  1.] 	[ 0.  0. -1.  0.] 	[ 0.  1.  0.  0.] 
[ 0.  0.  1.  0.] 	[ 0.  0.  0.  1.] 	[-1.  0.  0.  0.] 
[ 0. -1.  0.  0.] 	[ 1.  0.  0.  0.] 	[ 0.  0.  0.  1.] 
[-1.  0.  0.  0.] 	[ 0. -1.  0.  0.] 	[ 0.  0. -1.  0.] 
 
   R1             R2 
[1 0 0 0]	[ 0 -1  0  0] 
[0 1 0 0]	[ 1  0  0  0] 
[0 0 1 0]	[ 0  0  0 -1] 
[0 0 0 1]	[ 0  0  1  0] 
  R3              R4 
[ 0  0 -1  0]	[ 0  0  0 -1] 
[ 0  0  0  1]	[ 0  0 -1  0] 
[ 1  0  0  0]	[ 0  1  0  0] 
[ 0 -1  0  0]	[ 1  0  0  0] 
 
#******************************** 
Adinkra # 2 
Boolean Factor: {(2),(4),(14),(8)} 
Fermionic Holoraumy Matrices 
	~V_{12}		   ~V_{13}		   ~V_{14} 
[ 0.  1.  0.  0.] 	[ 0.  0.  1.  0.] 	[ 0.  0.  0.  1.] 
[-1.  0.  0.  0.] 	[ 0.  0.  0.  1.] 	[ 0.  0. -1.  0.] 
[ 0.  0.  0. -1.] 	[-1.  0.  0.  0.] 	[ 0.  1.  0.  0.] 
[ 0.  0.  1.  0.] 	[ 0. -1.  0.  0.] 	[-1.  0.  0.  0.] 
	~V_{23}		   ~V_{24}		   ~V_{34} 
[ 0.  0.  0. -1.] 	[ 0.  0.  1.  0.] 	[ 0. -1.  0.  0.] 
[ 0.  0.  1.  0.] 	[ 0.  0.  0.  1.] 	[ 1.  0.  0.  0.] 
[ 0. -1.  0.  0.] 	[-1.  0.  0.  0.] 	[ 0.  0.  0.  1.] 
[ 1.  0.  0.  0.] 	[ 0. -1.  0.  0.] 	[ 0.  0. -1.  0.] 
 
      R1             R2 
[ 1  0  0  0]	[ 0  1  0  0] 
[ 0 -1  0  0]	[ 1  0  0  0] 
[ 0  0  1  0]	[ 0  0  0  1] 
[ 0  0  0  1]	[ 0  0 -1  0] 
  R3              R4 
[ 0  0 -1  0]	[ 0  0  0 -1] 
[ 0  0  0 -1]	[ 0  0  1  0] 
[ 1  0  0  0]	[ 0  1  0  0] 
[ 0 -1  0  0]	[ 1  0  0  0] 
 
#******************************** 
Adinkra # 3 
Boolean Factor: {(2),(8),(4),(14)} 
Fermionic Holoraumy Matrices 
	~V_{12}		   ~V_{13}		   ~V_{14} 
[ 0.  1.  0.  0.] 	[ 0.  0.  1.  0.] 	[ 0.  0.  0.  1.] 
[-1.  0.  0.  0.] 	[ 0.  0.  0. -1.] 	[ 0.  0.  1.  0.] 
[ 0.  0.  0.  1.] 	[-1.  0.  0.  0.] 	[ 0. -1.  0.  0.] 
[ 0.  0. -1.  0.] 	[ 0.  1.  0.  0.] 	[-1.  0.  0.  0.] 
	~V_{23}		   ~V_{24}		   ~V_{34} 
[ 0.  0.  0.  1.] 	[ 0.  0. -1.  0.] 	[ 0.  1.  0.  0.] 
[ 0.  0.  1.  0.] 	[ 0.  0.  0.  1.] 	[-1.  0.  0.  0.] 
[ 0. -1.  0.  0.] 	[ 1.  0.  0.  0.] 	[ 0.  0.  0.  1.] 
[-1.  0.  0.  0.] 	[ 0. -1.  0.  0.] 	[ 0.  0. -1.  0.] 
 
      R1             R2 
[ 1  0  0  0]	[ 0  1  0  0] 
[ 0 -1  0  0]	[ 1  0  0  0] 
[ 0  0  1  0]	[ 0  0  0 -1] 
[ 0  0  0  1]	[ 0  0  1  0] 
  R3              R4 
[ 0  0 -1  0]	[ 0  0  0 -1] 
[ 0  0  0  1]	[ 0  0 -1  0] 
[ 1  0  0  0]	[ 0 -1  0  0] 
[ 0  1  0  0]	[ 1  0  0  0] 
 
#******************************** 
Adinkra # 4 
Boolean Factor: {(4),(2),(8),(14)} 
Fermionic Holoraumy Matrices 
	~V_{12}		   ~V_{13}		   ~V_{14} 
[ 0.  1.  0.  0.] 	[ 0.  0.  1.  0.] 	[ 0.  0.  0.  1.] 
[-1.  0.  0.  0.] 	[ 0.  0.  0.  1.] 	[ 0.  0. -1.  0.] 
[ 0.  0.  0. -1.] 	[-1.  0.  0.  0.] 	[ 0.  1.  0.  0.] 
[ 0.  0.  1.  0.] 	[ 0. -1.  0.  0.] 	[-1.  0.  0.  0.] 
	~V_{23}		   ~V_{24}		   ~V_{34} 
[ 0.  0.  0. -1.] 	[ 0.  0.  1.  0.] 	[ 0. -1.  0.  0.] 
[ 0.  0.  1.  0.] 	[ 0.  0.  0.  1.] 	[ 1.  0.  0.  0.] 
[ 0. -1.  0.  0.] 	[-1.  0.  0.  0.] 	[ 0.  0.  0.  1.] 
[ 1.  0.  0.  0.] 	[ 0. -1.  0.  0.] 	[ 0.  0. -1.  0.] 
 
      R1             R2 
[ 1  0  0  0]	[ 0 -1  0  0] 
[ 0  1  0  0]	[ 1  0  0  0] 
[ 0  0 -1  0]	[ 0  0  0  1] 
[ 0  0  0  1]	[ 0  0  1  0] 
  R3              R4 
[ 0  0  1  0]	[ 0  0  0 -1] 
[ 0  0  0 -1]	[ 0  0 -1  0] 
[ 1  0  0  0]	[ 0 -1  0  0] 
[ 0  1  0  0]	[ 1  0  0  0] 
 
#******************************** 
Adinkra # 5 
Boolean Factor: {(4),(14),(2),(8)} 
Fermionic Holoraumy Matrices 
	~V_{12}		   ~V_{13}		   ~V_{14} 
[ 0.  1.  0.  0.] 	[ 0.  0.  1.  0.] 	[ 0.  0.  0.  1.] 
[-1.  0.  0.  0.] 	[ 0.  0.  0. -1.] 	[ 0.  0.  1.  0.] 
[ 0.  0.  0.  1.] 	[-1.  0.  0.  0.] 	[ 0. -1.  0.  0.] 
[ 0.  0. -1.  0.] 	[ 0.  1.  0.  0.] 	[-1.  0.  0.  0.] 
	~V_{23}		   ~V_{24}		   ~V_{34} 
[ 0.  0.  0.  1.] 	[ 0.  0. -1.  0.] 	[ 0.  1.  0.  0.] 
[ 0.  0.  1.  0.] 	[ 0.  0.  0.  1.] 	[-1.  0.  0.  0.] 
[ 0. -1.  0.  0.] 	[ 1.  0.  0.  0.] 	[ 0.  0.  0.  1.] 
[-1.  0.  0.  0.] 	[ 0. -1.  0.  0.] 	[ 0.  0. -1.  0.] 
 
      R1             R2 
[ 1  0  0  0]	[ 0 -1  0  0] 
[ 0  1  0  0]	[ 1  0  0  0] 
[ 0  0 -1  0]	[ 0  0  0 -1] 
[ 0  0  0  1]	[ 0  0 -1  0] 
  R3              R4 
[ 0  0  1  0]	[ 0  0  0 -1] 
[ 0  0  0  1]	[ 0  0  1  0] 
[ 1  0  0  0]	[ 0  1  0  0] 
[ 0 -1  0  0]	[ 1  0  0  0] 
 
#******************************** 
Adinkra # 6 
Boolean Factor: {(6),(0),(10),(12)} 
Fermionic Holoraumy Matrices 
	~V_{12}		   ~V_{13}		   ~V_{14} 
[ 0.  1.  0.  0.] 	[ 0.  0.  1.  0.] 	[ 0.  0.  0.  1.] 
[-1.  0.  0.  0.] 	[ 0.  0.  0.  1.] 	[ 0.  0. -1.  0.] 
[ 0.  0.  0. -1.] 	[-1.  0.  0.  0.] 	[ 0.  1.  0.  0.] 
[ 0.  0.  1.  0.] 	[ 0. -1.  0.  0.] 	[-1.  0.  0.  0.] 
	~V_{23}		   ~V_{24}		   ~V_{34} 
[ 0.  0.  0. -1.] 	[ 0.  0.  1.  0.] 	[ 0. -1.  0.  0.] 
[ 0.  0.  1.  0.] 	[ 0.  0.  0.  1.] 	[ 1.  0.  0.  0.] 
[ 0. -1.  0.  0.] 	[-1.  0.  0.  0.] 	[ 0.  0.  0.  1.] 
[ 1.  0.  0.  0.] 	[ 0. -1.  0.  0.] 	[ 0.  0. -1.  0.] 
 
      R1          R2 
[ 1  0  0  0]	[0 1 0 0] 
[ 0 -1  0  0]	[1 0 0 0] 
[ 0  0 -1  0]	[0 0 0 1] 
[ 0  0  0  1]	[0 0 1 0] 
  R3              R4 
[ 0  0  1  0]	[ 0  0  0 -1] 
[ 0  0  0 -1]	[ 0  0 -1  0] 
[ 1  0  0  0]	[ 0  1  0  0] 
[ 0 -1  0  0]	[ 1  0  0  0] 
 
#******************************** 
Adinkra # 7 
Boolean Factor: {(6),(12),(0),(10)} 
Fermionic Holoraumy Matrices 
	~V_{12}		   ~V_{13}		   ~V_{14} 
[ 0.  1.  0.  0.] 	[ 0.  0.  1.  0.] 	[ 0.  0.  0.  1.] 
[-1.  0.  0.  0.] 	[ 0.  0.  0. -1.] 	[ 0.  0.  1.  0.] 
[ 0.  0.  0.  1.] 	[-1.  0.  0.  0.] 	[ 0. -1.  0.  0.] 
[ 0.  0. -1.  0.] 	[ 0.  1.  0.  0.] 	[-1.  0.  0.  0.] 
	~V_{23}		   ~V_{24}		   ~V_{34} 
[ 0.  0.  0.  1.] 	[ 0.  0. -1.  0.] 	[ 0.  1.  0.  0.] 
[ 0.  0.  1.  0.] 	[ 0.  0.  0.  1.] 	[-1.  0.  0.  0.] 
[ 0. -1.  0.  0.] 	[ 1.  0.  0.  0.] 	[ 0.  0.  0.  1.] 
[-1.  0.  0.  0.] 	[ 0. -1.  0.  0.] 	[ 0.  0. -1.  0.] 
 
      R1             R2 
[ 1  0  0  0]	[ 0  1  0  0] 
[ 0 -1  0  0]	[ 1  0  0  0] 
[ 0  0 -1  0]	[ 0  0  0 -1] 
[ 0  0  0  1]	[ 0  0 -1  0] 
  R3              R4 
[0 0 1 0]	[ 0  0  0 -1] 
[0 0 0 1]	[ 0  0  1  0] 
[1 0 0 0]	[ 0 -1  0  0] 
[0 1 0 0]	[ 1  0  0  0] 
 
#******************************** 
Adinkra # 8 
Boolean Factor: {(8),(2),(14),(4)} 
Fermionic Holoraumy Matrices 
	~V_{12}		   ~V_{13}		   ~V_{14} 
[ 0.  1.  0.  0.] 	[ 0.  0.  1.  0.] 	[ 0.  0.  0.  1.] 
[-1.  0.  0.  0.] 	[ 0.  0.  0. -1.] 	[ 0.  0.  1.  0.] 
[ 0.  0.  0.  1.] 	[-1.  0.  0.  0.] 	[ 0. -1.  0.  0.] 
[ 0.  0. -1.  0.] 	[ 0.  1.  0.  0.] 	[-1.  0.  0.  0.] 
	~V_{23}		   ~V_{24}		   ~V_{34} 
[ 0.  0.  0.  1.] 	[ 0.  0. -1.  0.] 	[ 0.  1.  0.  0.] 
[ 0.  0.  1.  0.] 	[ 0.  0.  0.  1.] 	[-1.  0.  0.  0.] 
[ 0. -1.  0.  0.] 	[ 1.  0.  0.  0.] 	[ 0.  0.  0.  1.] 
[-1.  0.  0.  0.] 	[ 0. -1.  0.  0.] 	[ 0.  0. -1.  0.] 
 
      R1             R2 
[ 1  0  0  0]	[ 0 -1  0  0] 
[ 0  1  0  0]	[ 1  0  0  0] 
[ 0  0  1  0]	[ 0  0  0  1] 
[ 0  0  0 -1]	[ 0  0  1  0] 
  R3              R4 
[ 0  0 -1  0]	[ 0  0  0  1] 
[ 0  0  0 -1]	[ 0  0 -1  0] 
[ 1  0  0  0]	[ 0  1  0  0] 
[ 0 -1  0  0]	[ 1  0  0  0] 
 
#******************************** 
Adinkra # 9 
Boolean Factor: {(8),(14),(4),(2)} 
Fermionic Holoraumy Matrices 
	~V_{12}		   ~V_{13}		   ~V_{14} 
[ 0.  1.  0.  0.] 	[ 0.  0.  1.  0.] 	[ 0.  0.  0.  1.] 
[-1.  0.  0.  0.] 	[ 0.  0.  0.  1.] 	[ 0.  0. -1.  0.] 
[ 0.  0.  0. -1.] 	[-1.  0.  0.  0.] 	[ 0.  1.  0.  0.] 
[ 0.  0.  1.  0.] 	[ 0. -1.  0.  0.] 	[-1.  0.  0.  0.] 
	~V_{23}		   ~V_{24}		   ~V_{34} 
[ 0.  0.  0. -1.] 	[ 0.  0.  1.  0.] 	[ 0. -1.  0.  0.] 
[ 0.  0.  1.  0.] 	[ 0.  0.  0.  1.] 	[ 1.  0.  0.  0.] 
[ 0. -1.  0.  0.] 	[-1.  0.  0.  0.] 	[ 0.  0.  0.  1.] 
[ 1.  0.  0.  0.] 	[ 0. -1.  0.  0.] 	[ 0.  0. -1.  0.] 
 
      R1             R2 
[ 1  0  0  0]	[ 0 -1  0  0] 
[ 0  1  0  0]	[ 1  0  0  0] 
[ 0  0  1  0]	[ 0  0  0 -1] 
[ 0  0  0 -1]	[ 0  0 -1  0] 
  R3              R4 
[ 0  0 -1  0]	[ 0  0  0  1] 
[ 0  0  0  1]	[ 0  0  1  0] 
[ 1  0  0  0]	[ 0 -1  0  0] 
[ 0  1  0  0]	[ 1  0  0  0] 
 
#******************************** 
Adinkra # 10 
Boolean Factor: {(10),(0),(12),(6)} 
Fermionic Holoraumy Matrices 
	~V_{12}		   ~V_{13}		   ~V_{14} 
[ 0.  1.  0.  0.] 	[ 0.  0.  1.  0.] 	[ 0.  0.  0.  1.] 
[-1.  0.  0.  0.] 	[ 0.  0.  0. -1.] 	[ 0.  0.  1.  0.] 
[ 0.  0.  0.  1.] 	[-1.  0.  0.  0.] 	[ 0. -1.  0.  0.] 
[ 0.  0. -1.  0.] 	[ 0.  1.  0.  0.] 	[-1.  0.  0.  0.] 
	~V_{23}		   ~V_{24}		   ~V_{34} 
[ 0.  0.  0.  1.] 	[ 0.  0. -1.  0.] 	[ 0.  1.  0.  0.] 
[ 0.  0.  1.  0.] 	[ 0.  0.  0.  1.] 	[-1.  0.  0.  0.] 
[ 0. -1.  0.  0.] 	[ 1.  0.  0.  0.] 	[ 0.  0.  0.  1.] 
[-1.  0.  0.  0.] 	[ 0. -1.  0.  0.] 	[ 0.  0. -1.  0.] 
 
      R1          R2 
[ 1  0  0  0]	[0 1 0 0] 
[ 0 -1  0  0]	[1 0 0 0] 
[ 0  0  1  0]	[0 0 0 1] 
[ 0  0  0 -1]	[0 0 1 0] 
  R3              R4 
[ 0  0 -1  0]	[ 0  0  0  1] 
[ 0  0  0 -1]	[ 0  0 -1  0] 
[ 1  0  0  0]	[ 0 -1  0  0] 
[ 0  1  0  0]	[ 1  0  0  0] 
 
#******************************** 
Adinkra # 11 
Boolean Factor: {(10),(12),(6),(0)} 
Fermionic Holoraumy Matrices 
	~V_{12}		   ~V_{13}		   ~V_{14} 
[ 0.  1.  0.  0.] 	[ 0.  0.  1.  0.] 	[ 0.  0.  0.  1.] 
[-1.  0.  0.  0.] 	[ 0.  0.  0.  1.] 	[ 0.  0. -1.  0.] 
[ 0.  0.  0. -1.] 	[-1.  0.  0.  0.] 	[ 0.  1.  0.  0.] 
[ 0.  0.  1.  0.] 	[ 0. -1.  0.  0.] 	[-1.  0.  0.  0.] 
	~V_{23}		   ~V_{24}		   ~V_{34} 
[ 0.  0.  0. -1.] 	[ 0.  0.  1.  0.] 	[ 0. -1.  0.  0.] 
[ 0.  0.  1.  0.] 	[ 0.  0.  0.  1.] 	[ 1.  0.  0.  0.] 
[ 0. -1.  0.  0.] 	[-1.  0.  0.  0.] 	[ 0.  0.  0.  1.] 
[ 1.  0.  0.  0.] 	[ 0. -1.  0.  0.] 	[ 0.  0. -1.  0.] 
 
      R1             R2 
[ 1  0  0  0]	[ 0  1  0  0] 
[ 0 -1  0  0]	[ 1  0  0  0] 
[ 0  0  1  0]	[ 0  0  0 -1] 
[ 0  0  0 -1]	[ 0  0 -1  0] 
  R3          R4 
[ 0  0 -1  0]	[0 0 0 1] 
[ 0  0  0  1]	[0 0 1 0] 
[ 1  0  0  0]	[0 1 0 0] 
[ 0 -1  0  0]	[1 0 0 0] 
 
#******************************** 
Adinkra # 12 
Boolean Factor: {(12),(6),(10),(0)} 
Fermionic Holoraumy Matrices 
	~V_{12}		   ~V_{13}		   ~V_{14} 
[ 0.  1.  0.  0.] 	[ 0.  0.  1.  0.] 	[ 0.  0.  0.  1.] 
[-1.  0.  0.  0.] 	[ 0.  0.  0. -1.] 	[ 0.  0.  1.  0.] 
[ 0.  0.  0.  1.] 	[-1.  0.  0.  0.] 	[ 0. -1.  0.  0.] 
[ 0.  0. -1.  0.] 	[ 0.  1.  0.  0.] 	[-1.  0.  0.  0.] 
	~V_{23}		   ~V_{24}		   ~V_{34} 
[ 0.  0.  0.  1.] 	[ 0.  0. -1.  0.] 	[ 0.  1.  0.  0.] 
[ 0.  0.  1.  0.] 	[ 0.  0.  0.  1.] 	[-1.  0.  0.  0.] 
[ 0. -1.  0.  0.] 	[ 1.  0.  0.  0.] 	[ 0.  0.  0.  1.] 
[-1.  0.  0.  0.] 	[ 0. -1.  0.  0.] 	[ 0.  0. -1.  0.] 
 
      R1             R2 
[ 1  0  0  0]	[ 0 -1  0  0] 
[ 0  1  0  0]	[ 1  0  0  0] 
[ 0  0 -1  0]	[ 0  0  0  1] 
[ 0  0  0 -1]	[ 0  0 -1  0] 
  R3          R4 
[ 0  0  1  0]	[0 0 0 1] 
[ 0  0  0 -1]	[0 0 1 0] 
[ 1  0  0  0]	[0 1 0 0] 
[ 0 -1  0  0]	[1 0 0 0] 
 
#******************************** 
Adinkra # 13 
Boolean Factor: {(12),(10),(0),(6)} 
Fermionic Holoraumy Matrices 
	~V_{12}		   ~V_{13}		   ~V_{14} 
[ 0.  1.  0.  0.] 	[ 0.  0.  1.  0.] 	[ 0.  0.  0.  1.] 
[-1.  0.  0.  0.] 	[ 0.  0.  0.  1.] 	[ 0.  0. -1.  0.] 
[ 0.  0.  0. -1.] 	[-1.  0.  0.  0.] 	[ 0.  1.  0.  0.] 
[ 0.  0.  1.  0.] 	[ 0. -1.  0.  0.] 	[-1.  0.  0.  0.] 
	~V_{23}		   ~V_{24}		   ~V_{34} 
[ 0.  0.  0. -1.] 	[ 0.  0.  1.  0.] 	[ 0. -1.  0.  0.] 
[ 0.  0.  1.  0.] 	[ 0.  0.  0.  1.] 	[ 1.  0.  0.  0.] 
[ 0. -1.  0.  0.] 	[-1.  0.  0.  0.] 	[ 0.  0.  0.  1.] 
[ 1.  0.  0.  0.] 	[ 0. -1.  0.  0.] 	[ 0.  0. -1.  0.] 
 
      R1             R2 
[ 1  0  0  0]	[ 0 -1  0  0] 
[ 0  1  0  0]	[ 1  0  0  0] 
[ 0  0 -1  0]	[ 0  0  0 -1] 
[ 0  0  0 -1]	[ 0  0  1  0] 
  R3              R4 
[0 0 1 0]	[ 0  0  0  1] 
[0 0 0 1]	[ 0  0 -1  0] 
[1 0 0 0]	[ 0 -1  0  0] 
[0 1 0 0]	[ 1  0  0  0] 
 
#******************************** 
Adinkra # 14 
Boolean Factor: {(14),(4),(8),(2)} 
Fermionic Holoraumy Matrices 
	~V_{12}		   ~V_{13}		   ~V_{14} 
[ 0.  1.  0.  0.] 	[ 0.  0.  1.  0.] 	[ 0.  0.  0.  1.] 
[-1.  0.  0.  0.] 	[ 0.  0.  0. -1.] 	[ 0.  0.  1.  0.] 
[ 0.  0.  0.  1.] 	[-1.  0.  0.  0.] 	[ 0. -1.  0.  0.] 
[ 0.  0. -1.  0.] 	[ 0.  1.  0.  0.] 	[-1.  0.  0.  0.] 
	~V_{23}		   ~V_{24}		   ~V_{34} 
[ 0.  0.  0.  1.] 	[ 0.  0. -1.  0.] 	[ 0.  1.  0.  0.] 
[ 0.  0.  1.  0.] 	[ 0.  0.  0.  1.] 	[-1.  0.  0.  0.] 
[ 0. -1.  0.  0.] 	[ 1.  0.  0.  0.] 	[ 0.  0.  0.  1.] 
[-1.  0.  0.  0.] 	[ 0. -1.  0.  0.] 	[ 0.  0. -1.  0.] 
 
      R1             R2 
[ 1  0  0  0]	[ 0  1  0  0] 
[ 0 -1  0  0]	[ 1  0  0  0] 
[ 0  0 -1  0]	[ 0  0  0  1] 
[ 0  0  0 -1]	[ 0  0 -1  0] 
  R3              R4 
[ 0  0  1  0]	[ 0  0  0  1] 
[ 0  0  0 -1]	[ 0  0  1  0] 
[ 1  0  0  0]	[ 0 -1  0  0] 
[ 0  1  0  0]	[ 1  0  0  0] 
 
#******************************** 
Adinkra # 15 
Boolean Factor: {(14),(8),(2),(4)} 
Fermionic Holoraumy Matrices 
	~V_{12}		   ~V_{13}		   ~V_{14} 
[ 0.  1.  0.  0.] 	[ 0.  0.  1.  0.] 	[ 0.  0.  0.  1.] 
[-1.  0.  0.  0.] 	[ 0.  0.  0.  1.] 	[ 0.  0. -1.  0.] 
[ 0.  0.  0. -1.] 	[-1.  0.  0.  0.] 	[ 0.  1.  0.  0.] 
[ 0.  0.  1.  0.] 	[ 0. -1.  0.  0.] 	[-1.  0.  0.  0.] 
	~V_{23}		   ~V_{24}		   ~V_{34} 
[ 0.  0.  0. -1.] 	[ 0.  0.  1.  0.] 	[ 0. -1.  0.  0.] 
[ 0.  0.  1.  0.] 	[ 0.  0.  0.  1.] 	[ 1.  0.  0.  0.] 
[ 0. -1.  0.  0.] 	[-1.  0.  0.  0.] 	[ 0.  0.  0.  1.] 
[ 1.  0.  0.  0.] 	[ 0. -1.  0.  0.] 	[ 0.  0. -1.  0.] 
 
      R1             R2 
[ 1  0  0  0]	[ 0  1  0  0] 
[ 0 -1  0  0]	[ 1  0  0  0] 
[ 0  0 -1  0]	[ 0  0  0 -1] 
[ 0  0  0 -1]	[ 0  0  1  0] 
  R3              R4 
[ 0  0  1  0]	[ 0  0  0  1] 
[ 0  0  0  1]	[ 0  0 -1  0] 
[ 1  0  0  0]	[ 0  1  0  0] 
[ 0 -1  0  0]	[ 1  0  0  0] 
 
